0.975 8.000000000000001e-08 0.001 4.0000000000000003e-07
2.009 1.6000000000000003e-07 0.001 4.0000000000000003e-07
3.021 2.4000000000000003e-07 0.001 4.0000000000000003e-07
4.0 4.0000000000000003e-07 0.01 4.0000000000000003e-07
4.97 5.2e-07 0.01 4.0000000000000003e-07
5.99 6.2e-07 0.01 4.0000000000000003e-07
7.04 7.6e-07 0.01 4.0000000000000003e-07
8.02 8.400000000000001e-07 0.01 4.0000000000000003e-07
8.99 9.600000000000001e-07 0.01 4.0000000000000003e-07
9.97 1.02e-06 0.01 4.0000000000000003e-07
10.99 1.16e-06 0.01 4.0000000000000003e-07
12.01 1.22e-06 0.01 4.0000000000000003e-07
12.99 1.36e-06 0.01 4.0000000000000003e-07
13.95 1.4200000000000002e-06 0.01 4.0000000000000003e-07
14.99 1.5599999999999999e-06 0.01 4.0000000000000003e-07
0.005 0.0 0.001 4.0000000000000003e-07
0.1 0.0 0.001 4.0000000000000003e-07
0.21 2.8e-07 0.001 4.0000000000000003e-07
0.297 2.2600000000000004e-06 0.001 4.0000000000000003e-07
0.5 0.000237 0.001 1e-05
0.601 0.002 0.001 0.001
0.7 0.014450000000000001 0.001 0.001
0.779 0.0742 0.001 0.004
12.99 0.000103 0.01 1e-05
11.93 9.45e-05 0.01 1e-05
10.96 8.750000000000001e-05 0.01 1e-05
9.9 8e-05 0.01 1e-05
7.02 6.2e-05 0.01 1e-05
5.06 5.05e-05 0.01 1e-05
3.0 3.85e-05 0.01 1e-05
1.985 3.3e-05 0.001 2e-06
1.001 2.2100000000000002e-05 0.001 2e-06
0.054 1.7500000000000002e-05 0.001 2e-06
0.0 0.0 0.001 0.0
0.012 1.21e-05 0.001 2e-06
0.021 2.5e-05 0.001 2e-06
0.05 0.00012199999999999998 0.001 0.002
0.07 0.00027800000000000004 0.001 4e-05
0.082 0.00024399999999999997 0.001 4e-05
0.099 0.0009 0.001 4e-05
0.121 0.00209 0.001 0.0002
0.129 0.0027899999999999995 0.001 0.0002
0.139 0.0043 0.001 0.0002
0.2 0.0212 0.001 0.001
0.23 0.1 0.001 0.004
