0.975 8e-05 0.001 4.0000000000000003e-07
2.009 0.00016 0.001 4.0000000000000003e-07
3.021 0.00024 0.001 4.0000000000000003e-07
4.0 0.0004 0.01 4.0000000000000003e-07
4.97 0.0005200000000000001 0.01 4.0000000000000003e-07
5.99 0.0006200000000000001 0.01 4.0000000000000003e-07
7.04 0.0007599999999999999 0.01 4.0000000000000003e-07
8.02 0.00084 0.01 4.0000000000000003e-07
8.99 0.00096 0.01 4.0000000000000003e-07
9.97 0.0010199999999999999 0.01 4.0000000000000003e-07
10.99 0.00116 0.01 4.0000000000000003e-07
12.01 0.00122 0.01 4.0000000000000003e-07
12.99 0.00136 0.01 4.0000000000000003e-07
13.95 0.0014199999999999998 0.01 4.0000000000000003e-07
